A = [1 2];
B = [1 2; 3 4; 1 2;];
B - A